8072226
8072540
8072561
8072771
8072831
8072983
8073051
8073787
8073860
8074023
8074036
8074200
8074276
8074285
8074429
8074621
8074629
8074745
8074752
8074812
8074813
8074961
8074971
8075097
8075191
8075205
8075236
8075420
8075506
8075710
8075718
8075840
8075942
8075989
8076073
8076115
8076133
8076197
8076247
8076257
8076287
8076300
8076325
8076340
8076358
8076415
8076624
8076663
8076692
8076721
8076774
8076867
8077093
8077165
8077173
8077225
8077305
8077353
8077506
8077511
8077541
8077588
8077865
8077881
8078022
8078129
8078415
8078469
8078498
8078499
8078500
8078575
8078633
8078659
8078746
8078827
8078952
8079019
8079025
8079038
8079074
8079093
8079158
8079211
8079213
8079562
8079575
8079638
8079722
8079736
8079797
8079875
8079967
8080036
8080085
8080104
8080301
8080450
8080503
8080533
8080551
8080655
8080700
8080779
8080957
8080976
8080995
8081068
8081196
8081511
8081578
8082149
8082273
8082380
8082900
8082989
8083162
8083282
8083301
8083483
8083583
8083653
8083700
8083794
8084022
8084060
8084088
8084114
8084351
8084374
8084417
8084456
8084486
8084513
8084549
8084560
8084656
8084664
8084695
8084787
8084793
8084909
8084918
8084919
8084935
8084948
8084957
8085027
8085030
8085091
8085136
8085156
8085158
8085177
8085193
8085200
8085276
8085310
8085350
8085417
8085459
8085478
8085546
8085564
8085803
8085820
8085908
8085935
8085945
8085947
8086042
8086054
8086062
8086079
8086160
8086163
8086187
8086197
8086205
8086227
8086259
8086262
8086331
8086400
8086491
8086492
8086548
8086560
8086596
8086606
8086698
8086726
8086778
8086937
8087035
8087077
8087088
8087192
8087198
8087260
8087307
8087367
8087405
8087545
8087557
8087561
8087562
8087570
8087596
8087676
8087691
8087747
8087847
8087852
8087898
8087899
8087954
8087989
8088066
8088104
8088133
8088157
8088179
8088183
8088216
8088227
8088292
8088348
8088375
8088446
8088487
8088562
8088600
8088650
8088659
8088734
8088751
8088819
8088836
8088898
8088909
8088931
8088959
8089048
8089058
8089077
8089182
8089188
8089192
8089208
8089218
8089283
8089302
8089366
8089499
8089743
8089764
8089783
8089814
8089997
8090002
8090189
8090386
8090492
8090580
8090735
8091604
8092505
8092674
8092710
8092810
8092839
8092943
8092956
8092988
8093037
8093226
8093395
8093467
8093618
8093620
8093652
8093696
8094066
8094122
8094217
8094275
8094321
8094469
8094546
8094579
8094653
8094668
8094671
8094674
8094817
8094820
8094826
8094956
8094993
8095054
8095180
8095233
8095511
8095529
8095613
8095665
8095695
8095717
8095810
8095818
8095845
8095919
8096206
8096273
8096310
8096311
8096369
8096370
8096391
8096392
8096670
8096731
8096732
8097019
8097057
8097191
8097205
8097253
8097309
8097413
8097483
8097599
8097615
8097686
8097719
8097746
8097747
8097781
8097790
8097803
8097888
8098139
8098378
8098402
8098460
8098664
8098672
8098673
8098680
8098764
8098786
8098821
8098845
8099033
8099040
8099047
8099211
8099227
8099279
8099300
8099392
8099502
8099553
8099733
8099754
8099775
8099816
8099818
8100050
8100073
8100154
8100238
8100369
8100507
8100771
8100932
8101079
8101278
8101281
8101320
8101680
8101973
8102115
8102185
8102220
8102257
8102563
8102572
8102737
8102932
8103111
8103309
8103508
8103690
8103789
8104138
8104142
8104192
8104202
8104211
8104221
8104255
8104285
8104357
8104378
8104487
8104545
8104721
8104744
8104771
8104853
8104874
8104927
8104967
8105008
8105019
8105183
8105245
8105260
8105406
8105784
8105804
8105814
8105891
8105921
8105984
8106049
8106181
8106376
8106442
8106654
8106892
8106897
8106902
8107091
8107217
8107432
8107497
8107501
8107502
8107635
8107680
8107740
8107788
8108372
8108677
8108785
8108821
8109180
8109367
8110059
8110429
8110465
8110980
8111186
8113419
8113446
8113635
8113994
8114132
8114272
8114411
8114412
8114602
8114647
8114762
8114853
8115414
8115442
8115472
8115519
8115542
8115567
8115712
8116023
8116178
8116268
8116333
8116392
8116396
8116714
8116908
8117013
8117223
8117226
8117308
8117361
8117437
8117567
8117617
8118244
8118541
8118630
8119048
8120344
8120414
8120672
8120992
8121088
8121687
8121990
8122094
8122454
8122531
8122760
8122889
8122987
8123376
8123377
8123378
8123406
8123581
8123771
8123820
8123901
8123949
8123975
8124069
8124250
8124352
8124376
8124437
8124558
8124560
8124645
8124830
8124987
8124993
8125011
8125264
8125608
8125703
8125965
8126067
8126087
8126169
8126235
8126359
8126372
8126395
8126440
8126456
8126621
8126808
8126812
8126816
8126836
8127204
8127266
8127347
8127434
8127731
8127840
8127935
8128054
8128111
8128186
8128378
8128755
8129408
8129450
8129607
8130795
8130869
8131225
8131430
8131444
8131868
8132315
8132558
8133304
8133483
8133619
8133713
8133902
8133908
8133946
8133988
8134057
8134071
8134147
8134189
8134485
8134491
8134577
8134700
8134723
8134847
8134958
8135192
8135715
8135730
8135771
8135800
8135826
8135830
8135939
8135985
8136128
8136144
8136352
8136357
8136410
8136455
8136701
8136804
8136838
8137065
8137273
8137365
8137671
8137961
8138056
8138411
8138604
8139573
8139924
8140131
8140393
8140525
8140856
8140885
8141443
8141468
8141778
8142027
8142171
8142394
8142396
8142400
8142402
8142452
8142494
8142703
8142704
8143028
8143031
8143038
8143123
8143169
8143648
8143681
8143738
8143749
8143823
8143863
8143893
8143996
8144366
8144505
8144607
8144761
8144762
8144801
8144902
8144964
8144977
8145259
8145409
8145476
8145592
8145683
8145711
8145719
8145863
8146060
8146073
8146388
8146427
8146482
8147009
8147248
8147253
8147424
8147509
8147598
8147616
8148390
8148718
8148774
8148836
8149186
8149308
8149371
8149710
8149885
8149941
8149976
8150209
8150392
8150462
8150491
8150627
8150651
8150945
8150986
8151015
8151072
8151141
8151157
8151228
8151239
8151243
8151283
8151287
8151368
8151372
8151386
8151405
8151589
8151642
8151665
8151691
8151702
8151771
8151834
8151836
8151910
8152003
8152031
8152042
8152080
8152088
8152104
8152295
8152366
8152448
8152467
8152572
8152583
8152584
8152688
8152707
8152723
8152807
8152819
8152825
8152946
8153030
8153034
8153059
8153109
8153253
8153424
8153479
8153547
8153724
8153755
8153794
8153795
8153981
8154062
8154090